Sample	samtools_flagstat-flagstat_total	samtools_flagstat-mapped_passed	samtools_flagstat-mapped_passed_pct	fastp-pct_duplication	fastp-after_filtering_q30_rate	fastp-after_filtering_q30_bases	fastp-filtering_result_passed_filter_reads	fastp-after_filtering_gc_content	fastp-pct_surviving_reads	fastp-pct_surviving_bases	fastp-pct_adapter	fastp-before_filtering_read1_mean_length	fastp-before_filtering_read2_mean_length	fastqc-percent_duplicates	fastqc-percent_gc	fastqc-avg_sequence_length	fastqc-median_sequence_length	fastqc-percent_fails	fastqc-total_sequences
HG002	3.15107	3.150292	99.98	3.1797400000000002	92.5185	364.06188199999997	3.149324	54.620599999999996	99.46385370937688	98.6334184559716	8.594605691185295	126.0	126.0						
HG002_R1														22.821605175913362	54.0	126.0	126	9.090909090909092	1.5831499999999998
HG002_R2														22.560962955513133	54.0	126.0	126	9.090909090909092	1.5831499999999998
HG003	2.633384	2.632794	99.98	2.76946	92.5818	304.29387299999996	2.631862	54.3287	99.47087187464804	98.5893216209083	8.948388086755847	126.0	126.0						
HG003_R1														19.951447621711438	54.0	126.0	126	9.090909090909092	1.3229309999999999
HG003_R2														19.876676732451827	54.0	126.0	126	9.090909090909092	1.3229309999999999
HG004	2.999094	2.998411	99.98	3.25977	92.3856	345.733952	2.99729	54.7435	99.44895281791221	98.54591143987798	9.182195283317485	126.0	126.0						
HG004_R1														21.65656813730756	54.0	126.0	126	9.090909090909092	1.5069489999999999
HG004_R2														21.35093019941897	54.0	126.0	126	9.090909090909092	1.5069489999999999
